2304
2175
3318
4083
1677
2113
3062
2185
2763
2342
2137
1015
2249
2211
1398
1341
1318
1340
3418
2788
1728
1936
8847
8670
2777
2473
1848
3940
3952
3951
3444
3162
2385
3466
1503
3084
1465
3606
3023
2129
2865
3011
7103
1680
1270
11018
6633
3098
1409
1805
1046
4572
1569
2611
4893
1721
1851
1216
1209
3306
1489
2263
3564
1595
3584
2575
3758
2109
1501
2279
2816
2815
8435
9155
1724
2816
2179
3470
7150
3268
10627
10096
1229
1459
6617
4069
3324
25926
10665
1666
4966
2244
1252
2907
3413
1462
2100
2361
4709
4311
11441
12753
3081
6804
6772
9016
2024
15800
13151
1646
1020
3608
1694
1994
1056
2238
1062
2249
2426
12682
8819
13006
2273
3798
2869
1748
1928
1344
1642
10065
1914
4860
1603
2761
2206
2024
1988
2492
2311
5478
1450
1253
1963
2423
7276
1261
7556
1360
7897
2704
2626
1198
2972
1478
2907
8068
2892
2611
2892
2611
2954
3390
1472
1193
6925
3050
1528
3541
2380
1582
1768
2691
2246
2299
2212
4039
2599
2880
7371
3036
2494
2062
3209
2172
2332
2068
17841
2010
2265
7162
2100
2733
5101
2425
1414
1134
987
2743
1913
3033
1617
1953
13268
3897
2181
2093
8917
1251
3985
5904
1808
3482
2311
5904
1455
1413
1999
1745
1646
1243
2082
2602
8986
2220
2503
3583
3132
2157
9239
2314
2644
2199
3290
3011
2637
8725
8540
8818
1860
4997
13239
8636
1792
2360
5676
2861
2957
2382
2359
2459
4327
4781
1858
2002
2378
3510
4930
3747
2176
2190
9116
1857
1578
2459
1658
1382
10260
1486
1610
2621
1609
1708
2242
1868
20911
17643
1173
2322
3549
2014
4464
1138
5378
5099
3318
3316
2479
1604
3419
2929
1493
8954
2311
2758
1354
2420
4884
3376
2705
3446
1519
2677
2656
3645
2155
2064
1339
1439
4691
4328
31898
4178
1562
1257
2032
8715
2606
1656
1397
4498
4135
2507
3964
2035
1781
7707
2416
1460
1954
8526
8518
2283
1107
4644
4642
4646
4639
1769
4726
4695
4708
4457
1207
2433
954
6168
1435
1720
2240
5410
5475
5467
3303
1470
1473
8582
2732
3981
2403
765
756
5520
7694
5522
1770
2631
10191
3408
2644
2251
2257
2249
1545
10036
3386
1359
1619
5203
5203
1603
2387
2384
1777
3182
2490
2992
3550
2013
3083
1604
1434
1812
2806
10829
2279
2498
1762
3286
1417
5629
1091
10088
2300
1402
2314
1014
1008
1297
2401
5273
5691
5692
17081
5473
3533
2211
2598
2043
8527
8520
1393
4859
4851
2896
2196
1560
2307
1194
1034
1187
1695
7096
1311
1310
1585
1510
1902
9017
3307
2018
2098
1555
5622
5614
5332
1944
2138
1623
3279
10310
5223
5076
1344
1138
10655
10966
1915
1962
2549
2356
9203
9401
2271
1961
27182
1984
21430
8826
17610
1991
1868
2033
1352
2977
4166
3642
5038
4059
8775
5618
1537
5455
5462
5456
7174
7167
26402
4460
10432
1704
1984
2067
5736
1825
5775
5769
3233
1332
2127
5491
5614
5501
5624
5629
13192
1455
2309
1395
1748
3270
4800
4874
2190
3503
1348
1318
27484
883
7073
1525
2913
2240
2357
3040
1943
2415
3919
4598
10042
1990
3186
3179
1785
30067
1549
7819
5728
7329
1673
1673
5861
5914
5965
1946
3291
1381
1758
2492
2033
10278
6405
1789
3801
2107
2101
3645
1653
1397
2366
2483
2127
1690
2338
8495
2358
2143
1483
831
2094
2163
2207
2194
8782
2183
9050
4374
2159
1954
5755
2984
1564
1456
2125
8544
24891
3897
10133
10121
1383
2663
9658
10479
1430
8106
1704
6390
10143
10424
2166
897
10203
1511
1991
1974
5350
5343
3481
1134
2406
1246
5052
2792
1362
2963
7711
6860
1585
3209
7329
1915
2080
4315
4041
4216
2317
4182
2752
3895
21818
2351
3100
2433
2425
24241
1392
3660
3621
10400
6411
5496
3482
7270
6411
4633
4625
3575
2054
7928
1401
7225
6526
2557
2550
2527
2807
4035
1543
2013
1334
2858
12273
1956
2612
24127
2828
1980
2534
2389
1711
1249
1225
1179
3865
3625
3017
1752
7163
4019
3368
1057
5591
1946
10644
1773
2608
7744
1538
2226
1724
3010
2702
4420
4038
4435
4062
8091
3582
1594
1777
1912
1441
28165
21175
10852
2899
7743
22338
1590
2751
1411
2617
1547
2870
7422
2455
7812
7807
27438
3250
1654
1240
3582
1601
17829
1699
7983
2095
2963
2856
3571
5443
10618
2520
3087
2506
3582
3582
1796
5513
2308
1795
1392
2037
1566
4532
2631
5844
2622
2043
2457
1200
1553
1298
1827
5316
2082
1944
6446
1282
1187
6820
6691
6413
4309
2760
6688
1048
4560
4493
4589
3042
6716
8298
22954
11013
3057
2084
2107
2571
5026
3280
3382
1533
4803
2295
4009
2004
2005
15192
1214
2140
10767
10760
2239
6552
4031
2189
1715
3510
1928
2667
3344
3440
1549
19309
4950
1311
2255
4199
3370
2384
4040
4614
2792
5450
8139
3618
3735
3001
3545
3043
8246
2549
4260
2150
1605
2065
1590
1683
1676
2161
8428
1415
2859
2679
1377
2234
11899
11906
11901
3829
1929
1125
1257
4622
1435
10314
5078
1788
4229
2507
2040
2197
59004
1175
1241
4828
10600
1725
7131
2838
2081
3139
2204
2072
2101
1292
2953
2953
3208
4839
2107
4247
3059
1010
1942
1856
13380
2488
2801
2805
9117
9878
2210
3668
2021
2018
2927
3779
2623
2274
2244
22444
17613
7470
1697
2532
7209
2678
2883
7634
2738
2637
3732
1996
5384
6574
4511
5157
9262
17099
3058
1883
2387
22720
2869
5352
1810
1533
2988
1752
9158
2120
3019
1977
4035
1548
2573
1812
3001
2408
2188
1519
3271
9060
8484
1678
18815
2496
1701
5268
2709
2811
4107
2163
4181
5105
3243
3348
1899
3302
2188
3438
10308
9214
1495
2565
2365
1495
3252
2042
2016
4907
2252
2116
3066
4328
2898
3101
3285
2596
25980
4260
3964
4023
2771
6600
9025
4109
2127
3068
3771
3016
2071
2687
10105
1819
23595
23601
24966
4886
8876
1627
1726
5099
2655
25018
2851
2659
9965
2746
2252
8612
3116
963
3457
2822
2250
25777
3297
3866
2122
2630
12170
2211
2752
3459
2228
1655
3045
1513
1508
2333
8151
1496
1830
1418
2350
11367
4027
3098
10631
2116
709
2696
4404
6073
4209
3281
2948
3501
3460
3967
1350
5701
2703
8747
2447
4004
12756
3356
12731
2187
2322
6239
2084
4007
1608
1612
2033
1943
1265
3419
22863
22411
1622
6428
2053
2654
5085
2072
5300
18898
2856
2203
2117
2377
3066
2538
7355
3947
7528
4364
1700
1696
1888
5053
2031
1789
21613
5437
1820
1844
1709
21661
3132
3166
1631
4245
1739
11423
3796
2610
2059
4938
1528
19434
1484
3636
4120
1424
15550
5496
6029
21695
1710
21585
5360
1175
21585
3340
14686
4501
9035
1525
3937
2179
3440
3461
2012
3172
2592
4973
5601
1068
1294
5718
5902
5584
5597
922
3896
3677
4903
5365
5372
7371
5635
1834
21300
3774
2565
1614
8712
8741
2936
14231
14163
13992
14052
14045
2655
2065
28753
2188
2566
29032
3136
4595
1263
3659
5243
5044
2750
2757
2918
2666
3942
6915
3107
6922
7108
17044
2274
61002
10591
2757
3711
4787
1672
2505
5342
4020
2170
2163
1872
2506
5433
1401
2442
2185
1389
1823
6279
7443
6057
23390
3062
2030
2008
1894
1847
22360
1623
4889
5848
1618
1611
4914
3017
2195
6091
2391
7777
7773
1774
1855
2833
3050
22606
2458
3880
3881
4555
2055
1772
2197
2251
11044
908
4386
12497
6068
3495
2699
2699
2699
1637
5575
4692
3883
2625
3094
2651
3430
1917
1648
5296
4825
11229
1812
1412
9257
1836
5957
2278
15424
3846
3055
1830
22871
2288
2843
1146
12387
1700
1548
4418
1881
1362
3072
6263
2702
3403
1574
1484
2366
1534
2505
1321
1714
1631
1995
2028
3464
2572
3364
3360
4789
1912
2688
1334
2876
1911
1924
1672
1627
3519
2724
